time (sec)	y (intensity)
0.055555556	0.016218816
0.111111111	0.016349322
0.166666667	0.01617214
0.222222222	0.015667635
0.277777778	0.015193737
0.333333333	0.015413799
0.388888889	0.015282884
0.444444444	0.015597283
0.5	0.014356576
0.555555556	0.015337017
0.611111111	0.016314203
0.666666667	0.01667631
0.722222222	0.016365954
0.777777778	0.016208979
0.833333333	0.016032482
0.888888889	0.015625553
0.944444444	0.015614942
1	0.015596083
1.055555556	0.015677123
1.111111111	0.015596789
1.166666667	0.015172085
1.222222222	0.015015765
1.277777778	0.01483719
1.333333333	0.015419198
1.388888889	0.016074007
1.444444444	0.01622873
1.5	0.016342202
1.555555556	0.015903977
1.611111111	0.01632163
1.666666667	0.016374301
1.722222222	0.016300702
1.777777778	0.015485005
1.833333333	0.014936111
1.888888889	0.015228993
1.944444444	0.014816413
2	0.015108989
2.055555556	0.014706582
2.111111111	0.015112706
2.166666667	0.016182768
2.222222222	0.016326318
2.277777778	0.015969517
2.333333333	0.015813096
2.388888889	0.015586564
2.444444444	0.015805234
2.5	0.015470033
2.555555556	0.014942695
2.611111111	0.015071239
2.666666667	0.015262614
2.722222222	0.015327746
2.777777778	0.014967071
2.833333333	0.014966857
2.888888889	0.016176308
2.944444444	0.016752146
3	0.016822512
3.055555556	0.0160967
3.111111111	0.016604346
3.166666667	0.016159416
3.222222222	0.016137653
3.277777778	0.016114013
3.333333333	0.015273574
3.388888889	0.015234433
3.444444444	0.014966003
3.5	0.014980259
3.555555556	0.015737152
3.611111111	0.016903724
3.666666667	0.017258382
3.722222222	0.016526364
3.777777778	0.016451271
3.833333333	0.017117756
3.888888889	0.016243132
3.944444444	0.015502423
4	0.016135767
4.055555556	0.015478163
4.111111111	0.015208755
4.166666667	0.015186683
4.222222222	0.016468887
4.277777778	0.016202659
4.333333333	0.016800942
4.388888889	0.016471159
4.444444444	0.016340788
4.5	0.016530235
4.555555556	0.016551661
4.611111111	0.016477909
4.666666667	0.01620935
4.722222222	0.015978691
4.777777778	0.015578613
4.833333333	0.015807483
4.888888889	0.01628906
4.944444444	0.017144459
5	0.017181213
5.055555556	0.016603351
5.111111111	0.017398889
5.166666667	0.016424478
5.222222222	0.016575697
5.277777778	0.016609544
5.333333333	0.016740168
5.388888889	0.016265182
5.444444444	0.016584833
5.5	0.016383098
5.555555556	0.016408155
5.611111111	0.016847712
5.666666667	0.017162893
5.722222222	0.01724783
5.777777778	0.016347662
5.833333333	0.016761538
5.888888889	0.016730555
5.944444444	0.017464079
6	0.016600488
6.055555556	0.016445378
6.111111111	0.016767062
6.166666667	0.015690106
6.222222222	0.016240998
6.277777778	0.016197829
6.333333333	0.016075268
6.388888889	0.016098327
6.444444444	0.017210652
6.5	0.017062526
6.555555556	0.017140709
6.611111111	0.017022415
6.666666667	0.016560346
6.722222222	0.017089722
6.777777778	0.017318924
6.833333333	0.017221697
6.888888889	0.016176699
6.944444444	0.016513625
7	0.016635413
7.055555556	0.015967103
7.111111111	0.015916744
7.166666667	0.016392656
7.222222222	0.01704232
7.277777778	0.017176943
7.333333333	0.016976364
7.388888889	0.016743675
7.444444444	0.017449846
7.5	0.016814538
7.555555556	0.017136801
7.611111111	0.016754259
7.666666667	0.016444149
7.722222222	0.01712245
7.777777778	0.016798467
7.833333333	0.016473234
7.888888889	0.01668066
7.944444444	0.016180263
8	0.017225211
8.055555556	0.016994055
8.111111111	0.017073241
8.166666667	0.017467232
8.222222222	0.017019626
8.277777778	0.016780799
8.333333333	0.017068764
8.388888889	0.016690176
8.444444444	0.017030155
8.5	0.017326925
8.555555556	0.016093143
8.611111111	0.015718931
8.666666667	0.016128684
8.722222222	0.016349618
8.777777778	0.016979194
8.833333333	0.017409245
8.888888889	0.016265051
8.944444444	0.017244851
9	0.016998623
9.055555556	0.01651456
9.111111111	0.017271413
9.166666667	0.017045278
9.222222222	0.016323657
9.277777778	0.016397595
9.333333333	0.016317756
9.388888889	0.016514606
9.444444444	0.01619106
9.5	0.016227678
9.555555556	0.016382818
9.611111111	0.016843244
9.666666667	0.017221616
9.722222222	0.017893645
9.777777778	0.016572669
9.833333333	0.01701813
9.888888889	0.017103954
9.944444444	0.016396108
10	0.016124775
10.05555556	0.016440274
10.11111111	0.016397842
10.16666667	0.015406882
10.22222222	0.015641461
10.27777778	0.015377728
10.33333333	0.016548768
10.38888889	0.016597933
10.44444444	0.016462579
10.5	0.016381404
10.55555556	0.016468652
10.61111111	0.016462272
10.66666667	0.015690674
10.72222222	0.016057275
10.77777778	0.015569189
10.83333333	0.015401703
10.88888889	0.015140763
10.94444444	0.015367809
11	0.015500682
11.05555556	0.015828931
11.11111111	0.016070364
11.16666667	0.016747194
11.22222222	0.016944137
11.27777778	0.01593492
11.33333333	0.015975048
11.38888889	0.01564669
11.44444444	0.016030416
11.5	0.015144938
11.55555556	0.015311867
11.61111111	0.01528586
11.66666667	0.015119634
11.72222222	0.015015682
11.77777778	0.015225896
11.83333333	0.016352863
11.88888889	0.016779813
11.94444444	0.016848851
12	0.016125272
12.05555556	0.015799497
12.11111111	0.016341772
12.16666667	0.016398449
12.22222222	0.016324273
12.27777778	0.016156498
12.33333333	0.015654017
12.38888889	0.015744115
12.44444444	0.015435615
12.5	0.016867794
12.55555556	0.016411127
12.61111111	0.016798378
12.66666667	0.016347271
12.72222222	0.016339264
12.77777778	0.016395462
12.83333333	0.016593441
12.88888889	0.016227797
12.94444444	0.016336602
13	0.015893631
13.05555556	0.015907132
13.11111111	0.016462684
13.16666667	0.016623416
13.22222222	0.016509502
13.27777778	0.017033611
13.33333333	0.017584972
13.38888889	0.017302438
13.44444444	0.016771448
13.5	0.016659154
13.55555556	0.016136852
13.61111111	0.015844371
13.66666667	0.015819913
13.72222222	0.016337663
13.77777778	0.016713981
13.83333333	0.017471345
13.88888889	0.01741553
13.94444444	0.01721548
14	0.017039278
14.05555556	0.01664717
14.11111111	0.017222713
14.16666667	0.01657849
14.22222222	0.016737213
14.27777778	0.017003074
14.33333333	0.016861678
14.38888889	0.016982035
14.44444444	0.016265721
14.5	0.017133088
14.55555556	0.01789358
14.61111111	0.0175649
14.66666667	0.016958523
14.72222222	0.017384278
14.77777778	0.017529524
14.83333333	0.017167977
14.88888889	0.017002639
14.94444444	0.016860374
15	0.016375923
15.05555556	0.016554729
15.11111111	0.016342541
15.16666667	0.017110235
15.22222222	0.016768317
15.27777778	0.016107919
15.33333333	0.017106643
15.38888889	0.017913384
15.44444444	0.016953187
15.5	0.016858636
15.55555556	0.016674158
15.61111111	0.016784987
15.66666667	0.017038091
15.72222222	0.016865752
15.77777778	0.016815256
15.83333333	0.016957347
15.88888889	0.01612255
15.94444444	0.016114277
16	0.016814076
16.05555556	0.01625705
16.11111111	0.016829827
16.16666667	0.0173985
16.22222222	0.017220076
16.27777778	0.017531813
16.33333333	0.017568533
16.38888889	0.016778182
16.44444444	0.017086758
16.5	0.01722226
16.55555556	0.016228772
16.61111111	0.016466661
16.66666667	0.016663067
16.72222222	0.016484276
16.77777778	0.016454296
16.83333333	0.01585131
16.88888889	0.016715302
16.94444444	0.017190127
17	0.017247622
17.05555556	0.017599359
17.11111111	0.016750921
17.16666667	0.016633728
17.22222222	0.016652373
17.27777778	0.016253603
17.33333333	0.015753934
17.38888889	0.015857133
17.44444444	0.01641846
17.5	0.016530676
17.55555556	0.015933539
17.61111111	0.015604043
17.66666667	0.015164697
17.72222222	0.016691891
17.77777778	0.017136492
17.83333333	0.016686638
17.88888889	0.016924233
17.94444444	0.016577382
18	0.016548344
18.05555556	0.015769615
18.11111111	0.016128894
18.16666667	0.015304712
18.22222222	0.015981174
18.27777778	0.015792644
18.33333333	0.015760704
18.38888889	0.015612139
18.44444444	0.015309861
18.5	0.016130329
18.55555556	0.016827978
18.61111111	0.016846541
18.66666667	0.016830004
18.72222222	0.017030499
18.77777778	0.015941826
18.83333333	0.015906471
18.88888889	0.01568664
18.94444444	0.015495253
19	0.015244595
19.05555556	0.015515335
19.11111111	0.014785984
19.16666667	0.014992076
19.22222222	0.015094211
19.27777778	0.015798273
19.33333333	0.016438852
19.38888889	0.016327317
19.44444444	0.015608142
19.5	0.015896001
19.55555556	0.015327754
19.61111111	0.015426108
19.66666667	0.015632543
19.72222222	0.014835326
19.77777778	0.015269498
19.83333333	0.015084981
19.88888889	0.014593713
19.94444444	0.014845962
20	0.015618348
20.05555556	0.016164878
20.11111111	0.015899405
20.16666667	0.016365731
20.22222222	0.015395875
20.27777778	0.015847609
20.33333333	0.015871898
20.38888889	0.014739732
20.44444444	0.01476537
20.5	0.015001396
20.55555556	0.015280472
20.61111111	0.01494457
20.66666667	0.016214957
20.72222222	0.016020693
20.77777778	0.016863774
20.83333333	0.015997546
20.88888889	0.016934422
20.94444444	0.016359544
21	0.015833412
21.05555556	0.015760854
21.11111111	0.016108963
21.16666667	0.015517128
21.22222222	0.015026237
21.27777778	0.015747502
21.33333333	0.016410526
21.38888889	0.016646299
21.44444444	0.016035198
21.5	0.016490553
21.55555556	0.016320684
21.61111111	0.01617909
21.66666667	0.015461562
21.72222222	0.016041541
21.77777778	0.016142025
21.83333333	0.014690424
21.88888889	0.015976408
21.94444444	0.016867389
22	0.016718919
22.05555556	0.016822927
22.11111111	0.016433895
22.16666667	0.016893824
22.22222222	0.016763922
22.27777778	0.016691686
22.33333333	0.016540052
22.38888889	0.016516619
22.44444444	0.015929878
22.5	0.016375864
22.55555556	0.016746568
22.61111111	0.016736383
22.66666667	0.017035487
22.72222222	0.016259499
22.77777778	0.016984116
22.83333333	0.016688217
22.88888889	0.016489331
22.94444444	0.016202077
23	0.016180143
23.05555556	0.015985361
23.11111111	0.016439691
23.16666667	0.016489388
23.22222222	0.016624192
23.27777778	0.017177516
23.33333333	0.01654133
23.38888889	0.017219494
23.44444444	0.016672111
23.5	0.016690193
23.55555556	0.0170104
23.61111111	0.017026665
23.66666667	0.017048441
23.72222222	0.016505095
23.77777778	0.016247265
23.83333333	0.016098249
23.88888889	0.016298246
23.94444444	0.015992248
24	0.017286664
24.05555556	0.017585225
24.11111111	0.01732984
24.16666667	0.017037624
24.22222222	0.016881723
24.27777778	0.016723552
24.33333333	0.016859102
24.38888889	0.01700952
24.44444444	0.016494781
24.5	0.016310261
24.55555556	0.016905229
24.61111111	0.016267486
24.66666667	0.016125157
24.72222222	0.015372494
24.77777778	0.016731596
24.83333333	0.017475
24.88888889	0.017627171
24.94444444	0.016731466
25	0.017265445
25.05555556	0.016976965
25.11111111	0.017063736
25.16666667	0.016860385
25.22222222	0.016566007
25.27777778	0.015863403
25.33333333	0.015864115
25.38888889	0.015779736
25.44444444	0.015206087
25.5	0.015338262
25.55555556	0.015899849
25.61111111	0.01598825
25.66666667	0.016797128
25.72222222	0.017051063
25.77777778	0.016075985
25.83333333	0.016525031
25.88888889	0.016068531
25.94444444	0.016314443
26	0.016227336
26.05555556	0.016165438
26.11111111	0.015546234
26.16666667	0.015213464
26.22222222	0.015064779
26.27777778	0.015350467
26.33333333	0.015591022
26.38888889	0.017259511
26.44444444	0.017088211
26.5	0.016782159
26.55555556	0.016372693
26.61111111	0.017385094
26.66666667	0.016390485
26.72222222	0.016319899
26.77777778	0.015809713
26.83333333	0.015590547
26.88888889	0.01534554
26.94444444	0.015721525
27	0.014783475
27.05555556	0.014800588
27.11111111	0.015658348
27.16666667	0.015844127
27.22222222	0.016545147
27.27777778	0.016588179
27.33333333	0.016396236
27.38888889	0.016047919
27.44444444	0.01605092
27.5	0.015901653
27.55555556	0.015431754
27.61111111	0.015280412
27.66666667	0.0164258
27.72222222	0.015309125
27.77777778	0.015116872
27.83333333	0.015433851
27.88888889	0.015534685
27.94444444	0.016581295
28	0.016669197
28.05555556	0.016875211
28.11111111	0.016102435
28.16666667	0.015827676
28.22222222	0.016095697
28.27777778	0.015906194
28.33333333	0.015378528
28.38888889	0.015563506
28.44444444	0.015489074
28.5	0.014904881
28.55555556	0.015148905
28.61111111	0.015632603
28.66666667	0.015843543
28.72222222	0.016739784
28.77777778	0.016102237
28.83333333	0.015921413
28.88888889	0.015944277
28.94444444	0.015772482
29	0.015967998
29.05555556	0.015035199
29.11111111	0.014662675
29.16666667	0.014745974
29.22222222	0.014919335
29.27777778	0.015262296
29.33333333	0.016231433
29.38888889	0.016348297
29.44444444	0.016437409
29.5	0.015873251
29.55555556	0.015824676
29.61111111	0.016370721
29.66666667	0.016070778
29.72222222	0.015100221
29.77777778	0.015677069
29.83333333	0.015300808
29.88888889	0.015407294
29.94444444	0.016107865
30	0.016410089
30.05555556	0.01656583
30.11111111	0.016652077
30.16666667	0.015845772
30.22222222	0.016380289
30.27777778	0.016563767
30.33333333	0.016143918
30.38888889	0.01573938
30.44444444	0.016349613
30.5	0.016144918
30.55555556	0.016927482
30.61111111	0.017070375
30.66666667	0.017196492
30.72222222	0.016613582
30.77777778	0.016692246
30.83333333	0.017112716
30.88888889	0.016994003
30.94444444	0.016427204
31	0.016868729
31.05555556	0.016538631
31.11111111	0.016792359
31.16666667	0.016377987
31.22222222	0.017270951
31.27777778	0.016552225
31.33333333	0.016740847
31.38888889	0.01793202
31.44444444	0.017195163
31.5	0.017020374
31.55555556	0.016802517
31.61111111	0.017115529
31.66666667	0.017530242
31.72222222	0.017072328
31.77777778	0.017003435
31.83333333	0.016668031
31.88888889	0.017271051
31.94444444	0.017596497
32	0.017600192
32.05555556	0.017971776
32.11111111	0.017721942
32.16666667	0.017609736
32.22222222	0.017436056
32.27777778	0.017924143
32.33333333	0.017885737
32.38888889	0.017318642
32.44444444	0.017580419
32.5	0.018044321
32.55555556	0.017260121
32.61111111	0.017406968
32.66666667	0.017365292
32.72222222	0.017063814
32.77777778	0.017841674
32.83333333	0.01796035
32.88888889	0.018364928
32.94444444	0.01762873
33	0.017897312
33.05555556	0.017954737
33.11111111	0.017969584
33.16666667	0.017796573
33.22222222	0.017268895
33.27777778	0.017402623
33.33333333	0.017839305
33.38888889	0.017750637
33.44444444	0.017133307
33.5	0.017626956
33.55555556	0.018132774
33.61111111	0.018151518
33.66666667	0.018930492
33.72222222	0.0175008
33.77777778	0.017986744
33.83333333	0.018008704
33.88888889	0.017401566
33.94444444	0.017298008
34	0.017697064
34.05555556	0.017431446
34.11111111	0.017925253
34.16666667	0.017359994
34.22222222	0.016932222
34.27777778	0.01712965
34.33333333	0.017879731
34.38888889	0.017844128
34.44444444	0.017761217
34.5	0.017575399
34.55555556	0.017610412
34.61111111	0.018189522
34.66666667	0.017938878
34.72222222	0.017934937
34.77777778	0.017503524
34.83333333	0.016661845
34.88888889	0.017184535
34.94444444	0.017294657
35	0.017084913
35.05555556	0.016150887
35.11111111	0.018011288
35.16666667	0.017795786
35.22222222	0.018157291
35.27777778	0.018229496
35.33333333	0.017117254
35.38888889	0.01713994
35.44444444	0.01767453
35.5	0.017480049
35.55555556	0.017596358
35.61111111	0.01726316
35.66666667	0.01700846
35.72222222	0.016713805
35.77777778	0.017462959
35.83333333	0.016824323
35.88888889	0.016940537
35.94444444	0.016964012
36	0.017544364
36.05555556	0.018268648
36.11111111	0.017769777
36.16666667	0.017773926
36.22222222	0.018404315
36.27777778	0.017076961
36.33333333	0.016854817
36.38888889	0.016222088
36.44444444	0.016840109
36.5	0.016596893
36.55555556	0.016697015
36.61111111	0.016781086
36.66666667	0.017096412
36.72222222	0.016981658
36.77777778	0.017691619
36.83333333	0.016897724
36.88888889	0.01728457
36.94444444	0.016703644
37	0.016820938
37.05555556	0.016529269
37.11111111	0.016546668
37.16666667	0.016034981
37.22222222	0.016605804
37.27777778	0.016047883
37.33333333	0.015424165
37.38888889	0.01624379
37.44444444	0.017418679
37.5	0.016628529
37.55555556	0.01653822
37.61111111	0.016691072
37.66666667	0.016664829
37.72222222	0.016785252
37.77777778	0.016822526
37.83333333	0.016468105
37.88888889	0.016242493
37.94444444	0.016171939
38	0.015829894
38.05555556	0.016405097
38.11111111	0.016454953
38.16666667	0.016880225
38.22222222	0.017380162
38.27777778	0.017023624
38.33333333	0.016918982
38.38888889	0.016987723
38.44444444	0.016721199
38.5	0.016653048
38.55555556	0.016244042
38.61111111	0.016307252
38.66666667	0.016291058
38.72222222	0.016088867
38.77777778	0.016202829
38.83333333	0.017441796
38.88888889	0.01683083
38.94444444	0.016753689
39	0.017282999
39.05555556	0.016848467
39.11111111	0.0166256
39.16666667	0.01644868
39.22222222	0.016048866
39.27777778	0.016716849
39.33333333	0.016544599
39.38888889	0.017268551
39.44444444	0.017265015
39.5	0.017429571
39.55555556	0.017036815
39.61111111	0.017171131
39.66666667	0.016996539
39.72222222	0.016991283
39.77777778	0.016837594
39.83333333	0.01645744
39.88888889	0.016629629
39.94444444	0.016645988
40	0.01759919
40.05555556	0.017470646
40.11111111	0.017611613
40.16666667	0.017887733
40.22222222	0.017734469
40.27777778	0.017213221
40.33333333	0.017707855
40.38888889	0.017283859
40.44444444	0.017530949
40.5	0.016985251
40.55555556	0.016784004
40.61111111	0.017183071
40.66666667	0.016519263
40.72222222	0.017699847
40.77777778	0.017313496
40.83333333	0.0174796
40.88888889	0.01717529
40.94444444	0.017634312
41	0.016913667
41.05555556	0.017154695
41.11111111	0.016947925
41.16666667	0.017234592
41.22222222	0.017600619
41.27777778	0.017295348
41.33333333	0.017052488
41.38888889	0.016813916
41.44444444	0.017031536
41.5	0.018297061
41.55555556	0.01772638
41.61111111	0.018009457
41.66666667	0.017431155
41.72222222	0.017216922
41.77777778	0.017575071
41.83333333	0.017160492
41.88888889	0.017052064
41.94444444	0.017171742
42	0.017004326
42.05555556	0.017405937
42.11111111	0.016726183
42.16666667	0.01687223
42.22222222	0.017378153
42.27777778	0.017469208
42.33333333	0.01830787
42.38888889	0.017784986
42.44444444	0.018269759
42.5	0.017524786
42.55555556	0.017957619
42.61111111	0.017119786
42.66666667	0.017308915
42.72222222	0.017549365
42.77777778	0.017546865
42.83333333	0.017169806
42.88888889	0.01699524
42.94444444	0.016955389
43	0.016835076
43.05555556	0.017534592
43.11111111	0.017568176
43.16666667	0.017569356
43.22222222	0.01712082
43.27777778	0.017539785
43.33333333	0.017325819
43.38888889	0.017632336
43.44444444	0.017306539
43.5	0.016914446
43.55555556	0.016830996
43.61111111	0.01699787
43.66666667	0.01746076
43.72222222	0.017144826
43.77777778	0.016635958
43.83333333	0.01732246
43.88888889	0.017390874
43.94444444	0.01766332
44	0.017335417
44.05555556	0.017357887
44.11111111	0.017327993
44.16666667	0.017680799
44.22222222	0.017199718
44.27777778	0.016440121
44.33333333	0.016934599
44.38888889	0.016868658
44.44444444	0.016080971
44.5	0.016366003
44.55555556	0.01600265
44.61111111	0.01705962
44.66666667	0.017339625
44.72222222	0.017174381
44.77777778	0.016143576
44.83333333	0.017156489
44.88888889	0.01652109
44.94444444	0.016523438
45	0.016432897
45.05555556	0.016488237
45.11111111	0.016053562
45.16666667	0.015610127
45.22222222	0.0154293
45.27777778	0.015755114
45.33333333	0.016164025
45.38888889	0.016694197
45.44444444	0.016268148
45.5	0.016586175
45.55555556	0.016302839
45.61111111	0.016661172
45.66666667	0.016414892
45.72222222	0.016555143
45.77777778	0.016354915
45.83333333	0.016081631
45.88888889	0.015990197
45.94444444	0.01535973
46	0.015559631
46.05555556	0.015761734
46.11111111	0.016656296
46.16666667	0.016353696
46.22222222	0.016871944
46.27777778	0.016943912
46.33333333	0.016479307
46.38888889	0.016610992
46.44444444	0.015830992
46.5	0.016350424
46.55555556	0.016019552
46.61111111	0.016559705
46.66666667	0.015715134
46.72222222	0.015476671
46.77777778	0.016510317
46.83333333	0.017012582
46.88888889	0.016551454
46.94444444	0.016360722
47	0.016511074
47.05555556	0.016461132
47.11111111	0.016619922
47.16666667	0.016095442
47.22222222	0.016376914
47.27777778	0.016258801
47.33333333	0.015312964
47.38888889	0.016556886
47.44444444	0.017001745
47.5	0.016929477
47.55555556	0.017102308
47.61111111	0.016973524
47.66666667	0.016143389
47.72222222	0.016424661
47.77777778	0.016683049
47.83333333	0.016401493
47.88888889	0.016680354
47.94444444	0.016343172
48	0.016190751
48.05555556	0.016799249
48.11111111	0.01661737
48.16666667	0.017133181
48.22222222	0.017245829
48.27777778	0.016857675
48.33333333	0.017497654
48.38888889	0.016405959
48.44444444	0.016584112
48.5	0.016516026
48.55555556	0.016449154
48.61111111	0.016838613
48.66666667	0.017542668
48.72222222	0.017228306
48.77777778	0.01791573
48.83333333	0.017622514
48.88888889	0.017137886
48.94444444	0.017006442
49	0.017387125
49.05555556	0.017070164
49.11111111	0.017147754
49.16666667	0.017145991
49.22222222	0.016161126
49.27777778	0.01635951
49.33333333	0.0172542
49.38888889	0.017484457
49.44444444	0.017472155
49.5	0.017809776
49.55555556	0.017865894
49.61111111	0.018278027
49.66666667	0.017974438
49.72222222	0.016624044
49.77777778	0.016816433
49.83333333	0.016686442
49.88888889	0.017235283
49.94444444	0.016771099
50	0.016535798
50.05555556	0.017598729
50.11111111	0.017587887
50.16666667	0.017463755
50.22222222	0.017804023
50.27777778	0.017276998
50.33333333	0.016972447
50.38888889	0.017088679
50.44444444	0.017179967
50.5	0.017534259
50.55555556	0.01738849
50.61111111	0.01733774
50.66666667	0.017171601
50.72222222	0.01675628
50.77777778	0.016705183
50.83333333	0.01622117
50.88888889	0.017278102
50.94444444	0.017955317
51	0.017481589
51.05555556	0.017487342
51.11111111	0.017659409
51.16666667	0.016768951
51.22222222	0.017456608
51.27777778	0.017531198
51.33333333	0.017067746
51.38888889	0.016980883
51.44444444	0.016290756
51.5	0.016322859
51.55555556	0.016875886
51.61111111	0.01663826
51.66666667	0.016617873
51.72222222	0.017328807
51.77777778	0.01690151
51.83333333	0.017726455
51.88888889	0.017485948
51.94444444	0.017701538
52	0.017380662
52.05555556	0.017367642
52.11111111	0.017263737
52.16666667	0.016692714
52.22222222	0.016461967
52.27777778	0.016907975
52.33333333	0.015889038
52.38888889	0.016800355
52.44444444	0.017981548
52.5	0.017354828
52.55555556	0.01798815
52.61111111	0.016854619
52.66666667	0.016996757
52.72222222	0.016785797
52.77777778	0.017346933
52.83333333	0.01707662
52.88888889	0.016465365
52.94444444	0.016904912
53	0.016226476
53.05555556	0.015989267
53.11111111	0.016086972
53.16666667	0.016996213
53.22222222	0.017269832
53.27777778	0.017379295
53.33333333	0.017682411
53.38888889	0.01662781
53.44444444	0.017643271
53.5	0.016667672
53.55555556	0.016406254
53.61111111	0.016912653
53.66666667	0.016256908
53.72222222	0.015869936
53.77777778	0.01631955
53.83333333	0.016169819
53.88888889	0.016584711
53.94444444	0.017526911
54	0.017069778
54.05555556	0.016760417
54.11111111	0.016376357
54.16666667	0.016708317
54.22222222	0.016940862
54.27777778	0.016613659
54.33333333	0.015889009
54.38888889	0.016284
54.44444444	0.01633006
54.5	0.016143946
54.55555556	0.016562782
54.61111111	0.016979139
54.66666667	0.017011257
54.72222222	0.017226765
54.77777778	0.017012452
54.83333333	0.016329722
54.88888889	0.016619748
54.94444444	0.016170628
55	0.016043734
55.05555556	0.015761702
55.11111111	0.01569158
55.16666667	0.015701082
55.22222222	0.016438745
55.27777778	0.016648025
55.33333333	0.016605765
55.38888889	0.016803906
55.44444444	0.016617471
55.5	0.016287752
55.55555556	0.016639764
55.61111111	0.016279236
55.66666667	0.016582921
55.72222222	0.016233148
55.77777778	0.015955524
55.83333333	0.016927562
55.88888889	0.017258195
55.94444444	0.017257165
56	0.016883798
56.05555556	0.017339917
56.11111111	0.016815703
56.16666667	0.016764747
56.22222222	0.016685253
56.27777778	0.016658878
56.33333333	0.016553074
56.38888889	0.016560532
56.44444444	0.016655438
56.5	0.016478429
56.55555556	0.017506259
56.61111111	0.01665558
56.66666667	0.01719197
56.72222222	0.016889081
56.77777778	0.017600372
56.83333333	0.016314386
56.88888889	0.016996684
56.94444444	0.016308413
57	0.016343282
57.05555556	0.017145019
57.11111111	0.017646769
57.16666667	0.017790472
57.22222222	0.017409582
57.27777778	0.017427614
57.33333333	0.018068508
57.38888889	0.017303644
57.44444444	0.016783302
57.5	0.017688274
57.55555556	0.016936412
57.61111111	0.017046721
57.66666667	0.016525621
57.72222222	0.017193229
57.77777778	0.017443689
57.83333333	0.018181695
57.88888889	0.017759735
57.94444444	0.017551201
58	0.018084045
58.05555556	0.017972014
58.11111111	0.017465208
58.16666667	0.017524091
58.22222222	0.017234958
58.27777778	0.016590141
58.33333333	0.016497151
58.38888889	0.016929962
58.44444444	0.016910282
58.5	0.017735148
58.55555556	0.017401033
58.61111111	0.016998275
58.66666667	0.016761361
58.72222222	0.016981275
58.77777778	0.017388438
58.83333333	0.017220338
58.88888889	0.017020619
58.94444444	0.01619457
59	0.016211702
59.05555556	0.016649471
59.11111111	0.016837778
59.16666667	0.016272894
59.22222222	0.017252338
59.27777778	0.017249833
59.33333333	0.017807392
59.38888889	0.016847058
59.44444444	0.017373429
59.5	0.017320914
59.55555556	0.017547599
59.61111111	0.016197896
59.66666667	0.016496386
59.72222222	0.016971403
59.77777778	0.01629738
59.83333333	0.016811172
59.88888889	0.016082099
59.94444444	0.016014129
60	0.016540557
60.05555556	0.017096126
60.11111111	0.017588917
60.16666667	0.017141535
60.22222222	0.01707293
60.27777778	0.0166192
60.33333333	0.016767459
60.38888889	0.016460425
60.44444444	0.016373381
60.5	0.016016481
60.55555556	0.01659791
60.61111111	0.015590424
60.66666667	0.016182201
60.72222222	0.01602073
60.77777778	0.016521034
60.83333333	0.016800505
60.88888889	0.017146379
60.94444444	0.017150691
61	0.017048251
61.05555556	0.016554711
61.11111111	0.016465531
61.16666667	0.016705954
61.22222222	0.016223096
61.27777778	0.016839297
61.33333333	0.016451995
61.38888889	0.016243257
61.44444444	0.015443359
61.5	0.015929541
61.55555556	0.017000463
61.61111111	0.016479056
61.66666667	0.016804589
61.72222222	0.0165728
61.77777778	0.016474645
61.83333333	0.016958223
61.88888889	0.016608151
61.94444444	0.016401053
62	0.01614763
62.05555556	0.015811294
62.11111111	0.015774674
62.16666667	0.015565148
62.22222222	0.016512554
62.27777778	0.016635382
62.33333333	0.017465178
62.38888889	0.016901785
62.44444444	0.016932937
62.5	0.016379734
62.55555556	0.016392028
62.61111111	0.016402755
62.66666667	0.016636284
62.72222222	0.015789261
62.77777778	0.015400579
62.83333333	0.015582929
62.88888889	0.01576591
62.94444444	0.016820649
63	0.017159903
63.05555556	0.017180961
63.11111111	0.016531586
63.16666667	0.016514107
63.22222222	0.016693234
63.27777778	0.016463044
63.33333333	0.016253174
63.38888889	0.015955775
63.44444444	0.015969554
63.5	0.015725888
63.55555556	0.015759106
63.61111111	0.01675505
63.66666667	0.01654054
63.72222222	0.017031597
63.77777778	0.016948041
63.83333333	0.015784869
63.88888889	0.016611871
63.94444444	0.0155556
64	0.016214495
64.05555556	0.015921757
64.11111111	0.015760678
64.16666667	0.015594483
64.22222222	0.016043422
64.27777778	0.016467861
64.33333333	0.016605454
64.38888889	0.017140717
64.44444444	0.01634683
64.5	0.016501162
64.55555556	0.01665562
64.61111111	0.016384693
64.66666667	0.016205651
64.72222222	0.015678121
64.77777778	0.015786014
64.83333333	0.015882362
64.88888889	0.017200847
64.94444444	0.017084757
65	0.017301135
65.05555556	0.017074345
65.11111111	0.016787724
65.16666667	0.016772241
65.22222222	0.016376925
65.27777778	0.016014691
65.33333333	0.016027738
65.38888889	0.015975697
65.44444444	0.016979148
65.5	0.017109687
65.55555556	0.016792478
65.61111111	0.016375463
65.66666667	0.016570674
65.72222222	0.017211043
65.77777778	0.017066084
65.83333333	0.016613509
65.88888889	0.01638102
65.94444444	0.016700574
66	0.01618611
66.05555556	0.016330014
66.11111111	0.017353356
66.16666667	0.0175644
66.22222222	0.017076608
66.27777778	0.017256528
66.33333333	0.016925747
66.38888889	0.016756061
66.44444444	0.017287641
66.5	0.016790644
66.55555556	0.017046112
66.61111111	0.016474176
66.66666667	0.016841388
66.72222222	0.016985077
66.77777778	0.017429259
66.83333333	0.01816473
66.88888889	0.017849551
66.94444444	0.017871285
67	0.017227667
67.05555556	0.017999495
67.11111111	0.017417662
67.16666667	0.017127448
67.22222222	0.017009802
67.27777778	0.016530511
67.33333333	0.017399487
67.38888889	0.017475507
67.44444444	0.017205891
67.5	0.017915402
67.55555556	0.017109326
67.61111111	0.017769368
67.66666667	0.01721261
67.72222222	0.017370708
67.77777778	0.016927013
67.83333333	0.016910188
67.88888889	0.017125568
67.94444444	0.01641885
68	0.016654304
68.05555556	0.01705167
68.11111111	0.017498569
68.16666667	0.018416881
68.22222222	0.017405335
68.27777778	0.017340107
68.33333333	0.017471423
68.38888889	0.017559758
68.44444444	0.017441183
68.5	0.016782586
68.55555556	0.016508024
68.61111111	0.017759852
68.66666667	0.01668388
68.72222222	0.016475305
68.77777778	0.017302553
68.83333333	0.017498953
68.88888889	0.018297057
68.94444444	0.01875793
69	0.017896304
69.05555556	0.017821578
69.11111111	0.017689015
69.16666667	0.017977498
69.22222222	0.01750315
69.27777778	0.017123672
69.33333333	0.016757871
69.38888889	0.016950994
69.44444444	0.017522724
69.5	0.017796194
69.55555556	0.018148553
69.61111111	0.018137134
69.66666667	0.017594234
69.72222222	0.017817574
69.77777778	0.017837781
69.83333333	0.017978563
69.88888889	0.016943883
69.94444444	0.017127433
70	0.016742686
70.05555556	0.017080981
70.11111111	0.017236009
70.16666667	0.017303316
70.22222222	0.017708184
70.27777778	0.018101007
70.33333333	0.01842935
70.38888889	0.017997322
70.44444444	0.017782943
70.5	0.018435764
70.55555556	0.017519576
70.61111111	0.017798649
70.66666667	0.018166304
70.72222222	0.017461448
70.77777778	0.01766305
70.83333333	0.017572207
70.88888889	0.016704329
70.94444444	0.016800814
71	0.01771331
71.05555556	0.017453341
71.11111111	0.017795635
71.16666667	0.017804422
71.22222222	0.018079342
71.27777778	0.018074125
71.33333333	0.017222611
71.38888889	0.017758889
71.44444444	0.017650477
71.5	0.017406174
71.55555556	0.0174002
71.61111111	0.016882683
71.66666667	0.017121823
71.72222222	0.017436204
71.77777778	0.017410443
71.83333333	0.017668233
71.88888889	0.018500111
71.94444444	0.018180816
72	0.018067542
72.05555556	0.017334938
72.11111111	0.017877239
72.16666667	0.018211228
72.22222222	0.017508466
72.27777778	0.017337716
72.33333333	0.017327304
72.38888889	0.017811741
72.44444444	0.016691672
72.5	0.016981641
72.55555556	0.017680718
72.61111111	0.018050331
72.66666667	0.018059319
72.72222222	0.017946979
72.77777778	0.01769403
72.83333333	0.017326775
72.88888889	0.017248716
72.94444444	0.017963387
73	0.01741444
73.05555556	0.017278978
73.11111111	0.016667706
73.16666667	0.016487967
73.22222222	0.017475712
73.27777778	0.017189068
73.33333333	0.017946915
73.38888889	0.017876218
73.44444444	0.017445739
73.5	0.017543919
73.55555556	0.017403413
73.61111111	0.017698812
73.66666667	0.017980658
73.72222222	0.017776919
73.77777778	0.016943997
73.83333333	0.016968019
73.88888889	0.017343256
73.94444444	0.016508643
74	0.016918893
74.05555556	0.018311393
74.11111111	0.017477731
74.16666667	0.01790474
74.22222222	0.017436349
74.27777778	0.017480479
74.33333333	0.017712135
74.38888889	0.01689655
74.44444444	0.016629143
74.5	0.017210589
74.55555556	0.016610596
74.61111111	0.016576663
74.66666667	0.016995236
74.72222222	0.017302323
74.77777778	0.0174741
74.83333333	0.017239217
74.88888889	0.017637917
74.94444444	0.017497006
75	0.016826843
75.05555556	0.017403793
75.11111111	0.017063884
75.16666667	0.01672841
75.22222222	0.016705909
75.27777778	0.016591278
75.33333333	0.017208064
75.38888889	0.016829023
75.44444444	0.018773361
75.5	0.017794543
75.55555556	0.017296741
75.61111111	0.017443177
75.66666667	0.017072209
75.72222222	0.01801492
75.77777778	0.017317262
75.83333333	0.016793397
75.88888889	0.017084223
75.94444444	0.017297657
76	0.017034284
76.05555556	0.018144531
76.11111111	0.017966113
76.16666667	0.017630629
76.22222222	0.017532462
76.27777778	0.017426856
76.33333333	0.016871508
76.38888889	0.017251463
76.44444444	0.017117695
76.5	0.016887423
76.55555556	0.017311853
76.61111111	0.016552163
76.66666667	0.016730163
76.72222222	0.016599151
76.77777778	0.017882348
76.83333333	0.017416026
76.88888889	0.017437399
76.94444444	0.017367007
77	0.017430915
77.05555556	0.017328069
77.11111111	0.016203805
77.16666667	0.016810124
77.22222222	0.016534315
77.27777778	0.015609319
77.33333333	0.015895929
77.38888889	0.016105693
77.44444444	0.01660886
77.5	0.017801177
77.55555556	0.017286137
77.61111111	0.016632722
77.66666667	0.017090978
77.72222222	0.017105563
77.77777778	0.016964589
77.83333333	0.017240993
77.88888889	0.016826128
77.94444444	0.016622276
78	0.015731969
78.05555556	0.015904135
78.11111111	0.016034132
78.16666667	0.016543188
78.22222222	0.017906999
78.27777778	0.016783989
78.33333333	0.016969146
78.38888889	0.017043785
78.44444444	0.017603605
78.5	0.016858594
78.55555556	0.016310789
78.61111111	0.016405324
78.66666667	0.016515077
78.72222222	0.016419502
78.77777778	0.015936718
78.83333333	0.017193801
78.88888889	0.016581785
78.94444444	0.017204974
79	0.016595931
79.05555556	0.016892116
79.11111111	0.016880849
79.16666667	0.01689562
79.22222222	0.016618978
79.27777778	0.016101918
79.33333333	0.016091671
79.38888889	0.015771555
79.44444444	0.016689844
79.5	0.017072326
79.55555556	0.016719698
79.61111111	0.016814496
79.66666667	0.016522607
79.72222222	0.016559625
79.77777778	0.016616617
79.83333333	0.015821494
79.88888889	0.016537577
79.94444444	0.01532719
80	0.016299928
80.05555556	0.016213222
80.11111111	0.017009599
80.16666667	0.016826501
80.22222222	0.017009141
80.27777778	0.016891143
80.33333333	0.016464255
80.38888889	0.016452556
80.44444444	0.016158778
80.5	0.016057779
80.55555556	0.015764513
80.61111111	0.015688678
80.66666667	0.015504986
80.72222222	0.017002003
80.77777778	0.016444132
80.83333333	0.016719095
80.88888889	0.016236288
80.94444444	0.016741574
81	0.016230945
81.05555556	0.016528497
81.11111111	0.016637559
81.16666667	0.016034132
81.22222222	0.015805374
81.27777778	0.016199401
81.33333333	0.016978312
81.38888889	0.017084164
81.44444444	0.016672385
81.5	0.016488808
81.55555556	0.016725408
81.61111111	0.016258335
81.66666667	0.01639383
81.72222222	0.016043485
81.77777778	0.016282055
81.83333333	0.016046648
81.88888889	0.016496411
81.94444444	0.016972368
82	0.016606854
82.05555556	0.016742405
82.11111111	0.017484943
82.16666667	0.016976045
82.22222222	0.016380874
82.27777778	0.016862639
82.33333333	0.016799616
82.38888889	0.016128959
82.44444444	0.016234761
82.5	0.017262225
82.55555556	0.018052299
82.61111111	0.0168246
82.66666667	0.017276958
82.72222222	0.016919345
82.77777778	0.016570947
82.83333333	0.017058449
82.88888889	0.017444762
82.94444444	0.016763447
83	0.016985352
83.05555556	0.017561854
83.11111111	0.017198626
83.16666667	0.017583353
83.22222222	0.016899752
83.27777778	0.017838978
83.33333333	0.01723459
83.38888889	0.017424759
83.44444444	0.016833393
83.5	0.017055353
83.55555556	0.017026037
83.61111111	0.017497368
83.66666667	0.017129977
83.72222222	0.017946275
83.77777778	0.017864386
83.83333333	0.01774664
83.88888889	0.017626509
83.94444444	0.017168944
84	0.017220276
84.05555556	0.018301297
84.11111111	0.016361085
84.16666667	0.01730659
84.22222222	0.017155027
84.27777778	0.017373252
84.33333333	0.017392102
84.38888889	0.017994045
84.44444444	0.018305215
84.5	0.018391845
84.55555556	0.017995681
84.61111111	0.018145253
84.66666667	0.017719199
84.72222222	0.017278684
84.77777778	0.017389152
84.83333333	0.017395075
84.88888889	0.0169121
84.94444444	0.017196749
85	0.017241735
85.05555556	0.01751273
85.11111111	0.017543346
85.16666667	0.017220041
85.22222222	0.01811865
85.27777778	0.017191151
85.33333333	0.017519411
85.38888889	0.01688267
85.44444444	0.017602546
85.5	0.017430625
85.55555556	0.01695959
85.61111111	0.017456296
85.66666667	0.016789826
85.72222222	0.01697614
85.77777778	0.016819137
85.83333333	0.017577793
85.88888889	0.017852796
85.94444444	0.017577035
86	0.017026564
86.05555556	0.018020301
86.11111111	0.01765084
86.16666667	0.017467033
86.22222222	0.016750564
86.27777778	0.016921418
86.33333333	0.017107054
86.38888889	0.016775667
86.44444444	0.017381476
86.5	0.017329044
86.55555556	0.01663176
86.61111111	0.017535216
86.66666667	0.017993374
86.72222222	0.0179088
86.77777778	0.01800324
86.83333333	0.017250974
86.88888889	0.016710104
86.94444444	0.017082778
87	0.017270165
87.05555556	0.016892661
87.11111111	0.01680916
87.16666667	0.016999508
87.22222222	0.01661598
87.27777778	0.016800754
87.33333333	0.016449667
87.38888889	0.017573313
87.44444444	0.017473767
87.5	0.017579311
87.55555556	0.016912243
87.61111111	0.01656588
87.66666667	0.016971709
87.72222222	0.0170042
87.77777778	0.017084851
87.83333333	0.017041356
87.88888889	0.017015715
87.94444444	0.016428408
88	0.016134949
88.05555556	0.016885088
88.11111111	0.016305339
88.16666667	0.016831439
88.22222222	0.016982657
88.27777778	0.016741652
88.33333333	0.016528838
88.38888889	0.017339948
88.44444444	0.016751335
88.5	0.016666207
88.55555556	0.017076643
88.61111111	0.016325632
88.66666667	0.016935764
88.72222222	0.016494158
88.77777778	0.015884549
88.83333333	0.016106676
88.88888889	0.016980131
88.94444444	0.017487563
89	0.017000525
89.05555556	0.016839096
89.11111111	0.017017942
89.16666667	0.016752864
89.22222222	0.017526576
89.27777778	0.01660525
89.33333333	0.016580101
89.38888889	0.016161652
89.44444444	0.016574974
89.5	0.016040035
89.55555556	0.015492471
89.61111111	0.016523873
89.66666667	0.016940662
89.72222222	0.017426929
89.77777778	0.016467839
89.83333333	0.016027066
89.88888889	0.016682174
89.94444444	0.016536717
90	0.016485356
90.05555556	0.016038415
90.11111111	0.015436672
90.16666667	0.015714482
90.22222222	0.015914628
90.27777778	0.016554753
90.33333333	0.017282446
90.38888889	0.017043743
90.44444444	0.016947493
90.5	0.016208825
90.55555556	0.01735314
90.61111111	0.016552231
90.66666667	0.015726313
90.72222222	0.016056425
90.77777778	0.016730933
90.83333333	0.015929266
90.88888889	0.016055688
90.94444444	0.017224105
91	0.017046221
91.05555556	0.017466457
91.11111111	0.016661946
91.16666667	0.016486597
91.22222222	0.016585313
91.27777778	0.016737306
91.33333333	0.016447264
91.38888889	0.016962487
91.44444444	0.016806367
91.5	0.016789056
91.55555556	0.017482223
91.61111111	0.017923217
91.66666667	0.017316882
91.72222222	0.017123426
91.77777778	0.017394924
91.83333333	0.017113677
91.88888889	0.017207907
91.94444444	0.016888095
92	0.016612095
92.05555556	0.017613869
92.11111111	0.017378527
92.16666667	0.018025113
92.22222222	0.017828291
92.27777778	0.018421165
92.33333333	0.017617532
92.38888889	0.018094124
92.44444444	0.017846115
92.5	0.017444025
92.55555556	0.018115194
92.61111111	0.017760767
92.66666667	0.017282437
92.72222222	0.017120915
92.77777778	0.017812338
92.83333333	0.018149048
92.88888889	0.018044436
92.94444444	0.0180436
93	0.017700129
93.05555556	0.018135904
93.11111111	0.017385698
93.16666667	0.017933079
93.22222222	0.018352346
93.27777778	0.017375559
93.33333333	0.017670387
93.38888889	0.017814476
93.44444444	0.016936842
93.5	0.017559497
93.55555556	0.018067659
93.61111111	0.018067288
93.66666667	0.017830395
93.72222222	0.0179881
93.77777778	0.01779704
93.83333333	0.017262077
93.88888889	0.0175107
93.94444444	0.017502625
94	0.01733858
94.05555556	0.017656838
94.11111111	0.01745128
94.16666667	0.017082244
94.22222222	0.01654329
94.27777778	0.017064884
94.33333333	0.018251548
94.38888889	0.017903135
94.44444444	0.017689856
94.5	0.017710328
94.55555556	0.018698537
94.61111111	0.017520309
94.66666667	0.017380191
94.72222222	0.017305229
94.77777778	0.01783765
94.83333333	0.017082261
94.88888889	0.017184694
94.94444444	0.016872379
95	0.016930829
95.05555556	0.017727151
95.11111111	0.017774157
95.16666667	0.018282847
95.22222222	0.017748866
95.27777778	0.017869798
95.33333333	0.017488028
95.38888889	0.016921838
95.44444444	0.017930642
95.5	0.016864611
95.55555556	0.017199788
95.61111111	0.016759688
95.66666667	0.016206362
95.72222222	0.016757439
95.77777778	0.016820949
95.83333333	0.016972711
95.88888889	0.017953664
95.94444444	0.017777493
96	0.017571579
96.05555556	0.017398563
96.11111111	0.01736673
96.16666667	0.017567789
96.22222222	0.016720197
96.27777778	0.017725433
96.33333333	0.017044989
96.38888889	0.016927047
96.44444444	0.016862993
96.5	0.016715598
96.55555556	0.016148154
96.61111111	0.017001699
96.66666667	0.017539475
96.72222222	0.017075868
96.77777778	0.017178121
96.83333333	0.016565672
96.88888889	0.017595522
96.94444444	0.016773465
97	0.016733315
97.05555556	0.016638452
97.11111111	0.016632534
97.16666667	0.016273173
97.22222222	0.016485711
97.27777778	0.017310733
97.33333333	0.016126365
97.38888889	0.017183704
97.44444444	0.017599969
97.5	0.017186049
97.55555556	0.017816749
97.61111111	0.016321671
97.66666667	0.017036768
97.72222222	0.017310895
97.77777778	0.016962277
97.83333333	0.016555337
97.88888889	0.015960946
97.94444444	0.016384432
98	0.016190375
98.05555556	0.01572191
98.11111111	0.017057097
98.16666667	0.016686158
98.22222222	0.016658675
98.27777778	0.017175968
98.33333333	0.01608786
98.38888889	0.016650177
98.44444444	0.016965794
98.5	0.01676181
98.55555556	0.016825228
98.61111111	0.01660002
98.66666667	0.016667409
98.72222222	0.016308808
98.77777778	0.015710332
98.83333333	0.016260128
98.88888889	0.016906191
98.94444444	0.01733768
99	0.017288481
99.05555556	0.017551728
99.11111111	0.017640069
99.16666667	0.017096804
99.22222222	0.016908755
99.27777778	0.016723773
99.33333333	0.016630101
99.38888889	0.015959124
99.44444444	0.016332557
99.5	0.016606959
99.55555556	0.017409019
99.61111111	0.016766871
99.66666667	0.01718817
99.72222222	0.017024457
99.77777778	0.016885667
99.83333333	0.016486392
99.88888889	0.017089421
99.94444444	0.016602126
100	0.016543706
100.0555556	0.016229487
100.1111111	0.015969186
100.1666667	0.016543338
100.2222222	0.017108815
100.2777778	0.016698705
100.3333333	0.017410329
100.3888889	0.016330356
100.4444444	0.016916754
100.5	0.017620996
100.5555556	0.016833513
100.6111111	0.016835385
100.6666667	0.016738867
100.7222222	0.016913265
100.7777778	0.017371033
100.8333333	0.017285503
100.8888889	0.018232905
100.9444444	0.018566461
101	0.017081784
101.0555556	0.017006232
101.1111111	0.017444296
101.1666667	0.018167209
101.2222222	0.016984138
101.2777778	0.017024829
101.3333333	0.017174664
101.3888889	0.016894327
101.4444444	0.017434005
101.5	0.017657777
101.5555556	0.017617344
101.6111111	0.017466167
101.6666667	0.018109892
101.7222222	0.017829868
101.7777778	0.017361783
101.8333333	0.017810254
101.8888889	0.017891399
101.9444444	0.01750111
102	0.01795643
102.0555556	0.017164809
102.1111111	0.018073647
102.1666667	0.017474924
102.2222222	0.018337451
102.2777778	0.017876515
102.3333333	0.018579199
102.3888889	0.018070432
102.4444444	0.017718367
102.5	0.017890983
102.5555556	0.017651039
102.6111111	0.017429408
102.6666667	0.017908174
102.7222222	0.017779144
102.7777778	0.017918053
102.8333333	0.01822185
102.8888889	0.017506527
102.9444444	0.017674526
103	0.018485089
103.0555556	0.017406891
103.1111111	0.017983916
103.1666667	0.018160889
103.2222222	0.017532497
103.2777778	0.017530751
103.3333333	0.017919153
103.3888889	0.017832312
103.4444444	0.017442624
103.5	0.017762566
103.5555556	0.01707761
103.6111111	0.017768706
103.6666667	0.017121347
103.7222222	0.017797524
103.7777778	0.017747419
103.8333333	0.017193295
103.8888889	0.017748034
103.9444444	0.017344061
104	0.01701302
104.0555556	0.017608622
104.1111111	0.01661674
104.1666667	0.017603053
104.2222222	0.017256202
104.2777778	0.016952518
104.3333333	0.017122116
104.3888889	0.016572642
104.4444444	0.01736993
104.5	0.016955038
104.5555556	0.017688725
104.6111111	0.018465102
104.6666667	0.017973959
104.7222222	0.016839667
104.7777778	0.017761734
104.8333333	0.017319583
104.8888889	0.017871626
104.9444444	0.016739531
105	0.017087535
105.0555556	0.01636274
105.1111111	0.016301572
105.1666667	0.016792254
105.2222222	0.017563856
105.2777778	0.017351373
105.3333333	0.017533573
105.3888889	0.017834245
105.4444444	0.017869255
105.5	0.018012498
105.5555556	0.01762327
105.6111111	0.017355307
105.6666667	0.017556998
105.7222222	0.017009007
105.7777778	0.016251326
105.8333333	0.016468872
105.8888889	0.015993272
105.9444444	0.016381321
106	0.016418056
106.0555556	0.017516804
106.1111111	0.017361072
106.1666667	0.017501278
106.2222222	0.017447384
106.2777778	0.01710147
106.3333333	0.017759776
106.3888889	0.017540603
106.4444444	0.017134858
106.5	0.016665235
106.5555556	0.016526333
106.6111111	0.016488623
106.6666667	0.016114836
106.7222222	0.016597373
106.7777778	0.01719359
106.8333333	0.017316683
106.8888889	0.017048041
106.9444444	0.017067812
107	0.017281778
107.0555556	0.016715004
107.1111111	0.016687669
107.1666667	0.016649034
107.2222222	0.01628466
107.2777778	0.016451981
107.3333333	0.016770894
107.3888889	0.015771188
107.4444444	0.016664337
107.5	0.01717244
107.5555556	0.017204228
107.6111111	0.016921234
107.6666667	0.017039102
107.7222222	0.0164154
107.7777778	0.016275575
107.8333333	0.01692733
107.8888889	0.016234822
107.9444444	0.016108911
108	0.015692474
108.0555556	0.016018564
108.1111111	0.016062413
108.1666667	0.017234908
108.2222222	0.016568303
108.2777778	0.016535814
108.3333333	0.017187304
108.3888889	0.017037317
108.4444444	0.01730683
108.5	0.016444669
108.5555556	0.016497391
108.6111111	0.016762296
108.6666667	0.016884443
108.7222222	0.016430638
108.7777778	0.016540686
108.8333333	0.01729841
108.8888889	0.017192322
108.9444444	0.017088022
109	0.016929469
109.0555556	0.017386987
109.1111111	0.017189436
109.1666667	0.016550329
109.2222222	0.016676285
109.2777778	0.016594916
109.3333333	0.016544297
109.3888889	0.016710041
109.4444444	0.016997372
109.5	0.017494336
109.5555556	0.017508873
109.6111111	0.017825346
109.6666667	0.017526425
109.7222222	0.017456681
109.7777778	0.017193765
109.8333333	0.017746854
109.8888889	0.017136576
109.9444444	0.016623897
110	0.017424179
110.0555556	0.017542035
110.1111111	0.017820028
110.1666667	0.018110476
110.2222222	0.017695951
110.2777778	0.017367888
110.3333333	0.017532407
110.3888889	0.017442438
110.4444444	0.01712596
110.5	0.017623401
110.5555556	0.017499087
110.6111111	0.01717392
110.6666667	0.017066846
110.7222222	0.01752139
110.7777778	0.017291085
110.8333333	0.017459148
110.8888889	0.017405537
110.9444444	0.017436966
111	0.017491109
111.0555556	0.017305616
111.1111111	0.017296102
